0.0 1.0 0.0 0.0 0.67823765 0.44441112 1143.0857
1000.0 0.41383137 -0.28392405 0.0 -0.0032480324 0.51724732 1454.914
2000.0 0.1364794 -0.12573504 0.0 -0.033169572 0.065510094 2080.8347
3000.0 0.11235614 -0.06735845 0.0 0.0088457122 0.027536808 2990.0113
4000.0 0.10975894 -0.12756793 0.0 -0.053125286 0.029327201 4169.9402
5000.0 0.10771685 -0.15301337 0.0 -0.079955747 0.022340206 5633.125
6000.0 0.10549463 -0.216643 0.0 -0.14509257 0.019919094 7369.7707
7000.0 0.10322086 -0.23257477 0.0 -0.1625665 0.018549984 9383.8373
8000.0 0.10122538 -0.32793168 0.0 -0.25927682 0.015504395 11675.325
9000.0 0.098365608 -0.37153137 0.0 -0.30481611 0.015213815 14244.234
10000.0 0.096216886 -0.39337903 0.0 -0.32812112 0.014207444 17090.564
11000.0 0.096182261 -0.40716143 0.0 -0.341927 0.010222451 20214.315
12000.0 0.097241537 -0.41524954 0.0 -0.34929667 0.0086696255 23615.486
13000.0 0.094600054 -0.45316163 0.0 -0.38900031 0.0095643698 27294.079
14000.0 0.095425651 -0.48106001 0.0 -0.41633874 0.0065710042 31250.094
15000.0 0.094752362 -0.48096783 0.0 -0.41670321 0.0067512006 35483.529
16000.0 0.096156615 -0.43221048 0.0 -0.36699345 0.0055354826 39994.385
17000.0 0.093877882 -0.50383949 0.0 -0.44016798 0.0058489465 44782.662
18000.0 0.096741135 -0.3936708 0.0 -0.32805732 0.0035471143 49848.36
19000.0 0.096438646 -0.44405463 0.0 -0.37864631 0.0040535358 55191.48
20000.0 0.096241868 -0.44833967 0.0 -0.38306481 0.0034213078 60812.02
21000.0 0.096451458 -0.41048193 0.0 -0.34506492 0.0028282461 66709.981
22000.0 0.09724906 -0.43937791 0.0 -0.37341994 0.0027502093 72885.364
23000.0 0.098084935 -0.3936694 0.0 -0.32714451 0.0021706068 79338.167
24000.0 0.099137154 -0.36719075 0.0 -0.2999522 0.0018591997 86068.392
25000.0 0.099684237 -0.34187991 0.0 -0.27427031 0.0016806382 93076.037
