0.0 1.0 -0.210168 0.0 0.788582 0.1157226
1000.0 0.99000196 -0.7984263 0.0 0.19033816 0.30293196
2000.0 1.0680545 -0.81852706 0.0 0.2481924 0.31297085
3000.0 1.041857 -0.85657604 0.0 0.18397863 0.28088821
4000.0 1.017768 -0.81618216 0.0 0.20031366 0.32607065
5000.0 0.95843847 -0.85899653 0.0 0.09824389 0.23112579
6000.0 1.0425959 -0.82040768 0.0 0.22088495 0.2651442
7000.0 1.0532885 -0.80990219 0.0 0.24206966 0.26790396
8000.0 1.0278215 -0.83302447 0.0 0.19351221 0.20761802
9000.0 1.019524 -0.82181526 0.0 0.19643437 0.27824094
10000.0 1.0456864 -0.86292704 0.0 0.18145227 0.27865449
11000.0 0.94920264 -0.8355345 0.0 0.11248164 0.28205646
12000.0 0.98794673 -0.83840723 0.0 0.14830457 0.31470649
13000.0 1.0067937 -0.84318089 0.0 0.1623543 0.27843986
14000.0 1.0213467 -0.85722797 0.0 0.16284205 0.27917312
15000.0 0.96978783 -0.82863161 0.0 0.13994399 0.30612107
16000.0 1.0217874 -0.81778716 0.0 0.20272297 0.31171441
17000.0 1.0120798 -0.84257892 0.0 0.16823579 0.34265745
18000.0 0.95871156 -0.82379331 0.0 0.13371986 0.28619661
19000.0 0.94781072 -0.81079419 0.0 0.13583177 0.29560807
20000.0 0.95989094 -0.82760467 0.0 0.13108641 0.34114615
21000.0 1.013415 -0.88642246 0.0 0.12572578 0.334678
22000.0 0.96731984 -0.82703778 0.0 0.13907291 0.24900978
23000.0 1.1156031 -0.83318101 0.0 0.28102756 0.30648338
24000.0 0.99175641 -0.8348473 0.0 0.15566941 0.26727069
25000.0 1.046358 -0.82436186 0.0 0.22068821 0.32679936
