0.0 0.1 -3.1333672 0.0 -3.0920969 -1.1437663 2444.9333
1000.0 0.1 -3.0915072 0.0 -3.0502369 0.0099866805 2444.9333
2000.0 0.1 -3.0826007 0.0 -3.0413304 -0.41998885 2444.9333
3000.0 0.08982505 -3.0757908 0.0 -3.0387197 -0.25244271 2444.9333
4000.0 0.098727892 -3.0666371 0.0 -3.0258918 -0.25382683 2444.9333
5000.0 0.11345478 -3.0506905 0.0 -3.0038674 -0.029177812 2444.9333
6000.0 0.11386723 -3.0515296 0.0 -3.0045363 -0.32135016 2444.9333
7000.0 0.11555642 -3.0379879 0.0 -2.9902974 -0.40431666 2444.9333
8000.0 0.10658282 -3.0364048 0.0 -2.9924178 -0.45722834 2444.9333
9000.0 0.11650947 -3.0271611 0.0 -2.9790773 -0.4588819 2444.9333
10000.0 0.10575546 -3.0298463 0.0 -2.9862007 -0.35241095 2444.9333
11000.0 0.10953331 -3.0352955 0.0 -2.9900908 -0.4622173 2444.9333
12000.0 0.11720787 -3.0378371 0.0 -2.989465 -0.27733023 2444.9333
13000.0 0.11492573 -3.037974 0.0 -2.9905438 -0.43259084 2444.9333
14000.0 0.11125454 -3.0413758 0.0 -2.9954607 -0.31244429 2444.9333
15000.0 0.10882772 -3.0406062 0.0 -2.9956927 -0.30403665 2444.9333
16000.0 0.1152685 -3.0433936 0.0 -2.9958219 -0.26659294 2444.9333
17000.0 0.10840025 -3.0414208 0.0 -2.9966837 -0.36183887 2444.9333
18000.0 0.11159326 -3.0416392 0.0 -2.9955843 -0.22725121 2444.9333
19000.0 0.11530974 -3.0457005 0.0 -2.9981118 -0.36488457 2444.9333
20000.0 0.1131733 -3.0417814 0.0 -2.9950744 -0.27902539 2444.9333
