0.0 1.0 0.0 0.0 0.69987547 0.49165167 1143.0857
1000.0 0.46817143 -0.29895164 0.0 0.028710061 0.80521146 1322.531
2000.0 0.22171497 -0.15861557 0.0 -0.0034426967 0.15742115 1677.6714
3000.0 0.13213298 -0.080319101 0.0 0.012157528 0.047547716 2169.8478
4000.0 0.11110181 -0.048346192 0.0 0.029411238 0.027233966 2805.9453
5000.0 0.10954691 -0.039536125 0.0 0.03713307 0.020638887 3582.144
6000.0 0.11151718 -0.037032578 0.0 0.041015562 0.017154267 4495.5
7000.0 0.11270748 -0.064118675 0.0 0.014762523 0.016208212 5542.5237
8000.0 0.11275223 -0.067681329 0.0 0.011231188 0.014207968 6732.4584
9000.0 0.11296444 -0.063989508 0.0 0.015071532 0.011335956 8058.5874
10000.0 0.1127696 -0.084960172 0.0 -0.0060354946 0.010645067 9527.7562
11000.0 0.11119877 -0.095665223 0.0 -0.017839933 0.010323404 11136.191
12000.0 0.11104835 -0.087486978 0.0 -0.009766964 0.0074866815 12880.265
13000.0 0.11130444 -0.096222589 0.0 -0.018323345 0.0066810109 14763.049
14000.0 0.11047522 -0.11105474 0.0 -0.033735843 0.0062858467 16784.543
15000.0 0.11080059 -0.10261986 0.0 -0.025073248 0.0051900456 18944.748
16000.0 0.10991442 -0.12096007 0.0 -0.044033665 0.0050554916 21243.664
17000.0 0.10900358 -0.12941113 0.0 -0.053122202 0.0049076668 23681.29
18000.0 0.10898296 -0.10141332 0.0 -0.025138819 0.0036454161 26257.627
19000.0 0.11014323 -0.094008101 0.0 -0.016921557 0.0031644838 28972.674
20000.0 0.1086152 -0.14384934 0.0 -0.067832224 0.0041265752 31826.432
21000.0 0.10852866 -0.11934695 0.0 -0.043390404 0.003209485 34818.9
22000.0 0.10701537 -0.13006823 0.0 -0.055170793 0.00339326 37950.079
23000.0 0.10777128 -0.1126778 0.0 -0.037251332 0.0023366617 41219.968
24000.0 0.10859202 -0.10116964 0.0 -0.025168744 0.0022862343 44628.568
25000.0 0.10984009 -0.075545703 0.0 0.0013286844 0.0017365683 48175.879
