0.0 1.0 0.0 0.0 0.65839416 0.39454609 1143.0857
1000.0 0.2758511 -0.27168406 0.0 -0.090065306 0.3320578 1576.0798
2000.0 0.11129367 -0.15732128 0.0 -0.08404618 0.051534661 2458.8697
3000.0 0.10111527 -0.23515069 0.0 -0.16857698 0.050481016 3756.6109
4000.0 0.093144609 -0.36295443 0.0 -0.30162856 0.045958701 5479.0047
5000.0 0.087139671 -0.46798985 0.0 -0.4106176 0.04304766 7610.0013
6000.0 0.080831564 -0.57645159 0.0 -0.52323256 0.040090835 10157.129
7000.0 0.079464574 -0.61852776 0.0 -0.56620875 0.029934189 13120.389
8000.0 0.081118694 -0.636835 0.0 -0.58342693 0.022863847 16499.781
9000.0 0.073848623 -0.6921032 0.0 -0.6434817 0.023868195 20295.304
10000.0 0.073379444 -0.74845696 0.0 -0.70014436 0.017923134 24506.958
11000.0 0.075069089 -0.71747456 0.0 -0.66804951 0.01424909 29134.744
12000.0 0.070516473 -0.77710827 0.0 -0.73068063 0.015540075 34178.662
13000.0 0.077783292 -0.65807047 0.0 -0.60685841 0.009809963 39638.711
14000.0 0.072163887 -0.74952306 0.0 -0.70201077 0.010224812 45514.892
15000.0 0.072833406 -0.70766877 0.0 -0.65971568 0.0081476818 51807.204
16000.0 0.077522034 -0.64278692 0.0 -0.59174686 0.005549862 58515.648
17000.0 0.076793705 -0.66203312 0.0 -0.6114726 0.0064138406 65640.224
18000.0 0.078548419 -0.58715183 0.0 -0.53543601 0.005040086 73180.931
19000.0 0.079017967 -0.59963926 0.0 -0.5476143 0.0043545717 81137.77
20000.0 0.08120816 -0.53337537 0.0 -0.47990839 0.0033581298 89510.74
21000.0 0.08102007 -0.5387625 0.0 -0.48541936 0.0033968896 98299.842
22000.0 0.083253259 -0.56128314 0.0 -0.50646968 0.002812741 107505.08
23000.0 0.083844166 -0.47491612 0.0 -0.41971361 0.0022633549 117126.44
24000.0 0.083817971 -0.46740915 0.0 -0.41222389 0.0021156692 127163.94
25000.0 0.085644635 -0.49462136 0.0 -0.43823343 0.0019160518 137617.56
