0.0 1.0 -2.4258967 0.0 -1.4271467 6.0117127
1000.0 1.0273981 -2.2524432 0.0 -1.2263294 7.5229707
2000.0 1.0318896 -2.2392782 0.0 -1.2086786 7.5541419
3000.0 0.93805799 -2.2938616 0.0 -1.3569762 7.0950658
4000.0 1.04141 -2.2792022 0.0 -1.239094 7.2185422
5000.0 0.96491874 -2.3739527 0.0 -1.4102401 6.5118085
6000.0 0.97207176 -2.2597736 0.0 -1.2889169 7.4030657
7000.0 1.0170787 -2.3699835 0.0 -1.3541761 6.6007092
8000.0 1.0487562 -2.3464666 0.0 -1.2990213 6.7532384
9000.0 1.0853441 -2.3317175 0.0 -1.2477301 6.8626981
10000.0 0.96051334 -2.4257432 0.0 -1.4664305 6.0599792
11000.0 1.0219839 -2.3511805 0.0 -1.3304741 6.6634058
12000.0 0.94075668 -2.4289787 0.0 -1.489398 6.0681864
13000.0 1.0697207 -2.3629179 0.0 -1.2945343 6.649039
14000.0 1.0777794 -2.343291 0.0 -1.2668588 6.8070273
15000.0 1.0113662 -2.4061159 0.0 -1.3960139 6.2746042
16000.0 1.0526838 -2.3939945 0.0 -1.3426266 6.3902008
17000.0 0.9574136 -2.3700748 0.0 -1.413858 6.4757401
18000.0 0.98373849 -2.3895069 0.0 -1.4069981 6.3571852
19000.0 0.91952467 -2.4078004 0.0 -1.4894251 6.1568821
20000.0 1.0160388 -2.3967794 0.0 -1.3820106 6.3531221
21000.0 0.99107981 -2.3677585 0.0 -1.3779176 6.5436132
22000.0 1.0308518 -2.4714587 0.0 -1.4418954 5.766571
23000.0 0.98732274 -2.3570485 0.0 -1.3709599 6.6399248
24000.0 1.010694 -2.3642468 0.0 -1.3548161 6.6014171
25000.0 1.0267369 -2.4136416 0.0 -1.3881881 6.2159209
