0.0 1.0 -0.99804688 0.0 0.000703125 -0.80726563
1000.0 1.0217668 -1.3241472 0.0 -0.3036576 0.63449714
2000.0 1.0294993 -1.3194738 0.0 -0.29126133 0.65238483
3000.0 1.0475908 -1.3472648 0.0 -0.3009835 0.67847903
4000.0 0.99024742 -1.2882627 0.0 -0.29925312 0.62225002
5000.0 1.0009421 -1.3246713 0.0 -0.32498032 0.50229414
6000.0 1.0530229 -1.3624755 0.0 -0.31076883 0.74247094
7000.0 0.95532162 -1.335058 0.0 -0.38093051 0.5891115
8000.0 1.0695297 -1.3074252 0.0 -0.2392324 0.69640645
9000.0 1.0197153 -1.3168532 0.0 -0.29841254 0.65850947
10000.0 0.94787358 -1.3190761 0.0 -0.37238736 0.54523598
11000.0 1.0143404 -1.3412105 0.0 -0.32813806 0.47061285
12000.0 0.97565288 -1.3333027 0.0 -0.35886942 0.52222014
13000.0 0.98392549 -1.3245095 0.0 -0.34181397 0.61540343
14000.0 1.0301507 -1.3114436 0.0 -0.28258057 0.75619213
15000.0 1.0128622 -1.3404044 0.0 -0.32880822 0.56272578
16000.0 1.0772842 -1.2935361 0.0 -0.21759852 0.8363273
17000.0 0.91334437 -1.3337996 0.0 -0.42159687 0.53439307
18000.0 1.0255376 -1.3332679 0.0 -0.30901216 0.47784041
19000.0 1.028109 -1.3401748 0.0 -0.31335092 0.57506754
20000.0 0.96950946 -1.3410312 0.0 -0.37273365 0.57617313
21000.0 0.9761677 -1.3335265 0.0 -0.35857903 0.59139902
22000.0 0.96529643 -1.3652811 0.0 -0.40119127 0.52726929
23000.0 1.0072141 -1.3066282 0.0 -0.30067316 0.77314444
24000.0 1.0289269 -1.3164055 0.0 -0.28876482 0.72480544
25000.0 1.1087058 -1.3216913 0.0 -0.21437136 0.78633372
