0.0 0.1 -3.1050764 0.0 -3.0641317 -1.090373 2444.9333
1000.0 0.080256545 -3.0595509 0.0 -3.0266902 0.11455871 2444.9333
2000.0 0.081322975 -3.0598266 0.0 -3.0265292 -0.63883989 2444.9333
3000.0 0.095817417 -3.0546192 0.0 -3.0153871 0.020412353 2444.9333
4000.0 0.090585291 -3.0425079 0.0 -3.0054181 -0.49274394 2444.9333
5000.0 0.11536468 -3.0404609 0.0 -2.9932252 0.024258203 2444.9333
6000.0 0.10905953 -3.0416501 0.0 -2.996996 -0.55708956 2444.9333
7000.0 0.1 -3.0384707 0.0 -2.9975261 -0.26044569 2444.9333
8000.0 0.1101399 -3.0386573 0.0 -2.9935609 -0.30451546 2444.9333
9000.0 0.11815848 -3.0351641 0.0 -2.9867845 -0.28219352 2444.9333
10000.0 0.1 -3.0331947 0.0 -2.9922501 -0.28438063 2444.9333
11000.0 0.10620046 -3.0366609 0.0 -2.9931775 -0.44118584 2444.9333
12000.0 0.1122552 -3.0374244 0.0 -2.9914619 -0.27665507 2444.9333
13000.0 0.11421242 -3.0291323 0.0 -2.9823685 -0.35997029 2444.9333
14000.0 0.11696221 -3.0302619 0.0 -2.9823721 -0.36710113 2444.9333
15000.0 0.11804502 -3.0298621 0.0 -2.981529 -0.2914122 2444.9333
16000.0 0.11495423 -3.0270655 0.0 -2.9799979 -0.32241988 2444.9333
17000.0 0.11413733 -3.0345861 0.0 -2.9878529 -0.38162564 2444.9333
18000.0 0.10825611 -3.0332435 0.0 -2.9889184 -0.24820332 2444.9333
19000.0 0.11282136 -3.0312992 0.0 -2.9851049 -0.33729144 2444.9333
20000.0 0.11248065 -3.0353916 0.0 -2.9893368 -0.2556495 2444.9333
