0.0 0.1 -3.1333672 0.0 -3.0920969 -1.1437663 2444.9333
1000.0 0.1 -3.0915072 0.0 -3.0502369 0.0099866805 2444.9333
2000.0 0.1 -3.0826007 0.0 -3.0413304 -0.41998885 2444.9333
3000.0 0.08982505 -3.0757908 0.0 -3.0387197 -0.25244271 2444.9333
4000.0 0.098727892 -3.0666371 0.0 -3.0258918 -0.25382683 2444.9333
5000.0 0.11345478 -3.0506905 0.0 -3.0038674 -0.029177812 2444.9333
6000.0 0.11386723 -3.0515296 0.0 -3.0045363 -0.32135016 2444.9333
7000.0 0.11555642 -3.0379879 0.0 -2.9902974 -0.40431666 2444.9333
8000.0 0.10658282 -3.0364048 0.0 -2.9924178 -0.45722834 2444.9333
9000.0 0.11650947 -3.0271611 0.0 -2.9790773 -0.4588819 2444.9333
10000.0 0.10575546 -3.0298463 0.0 -2.9862007 -0.35241095 2444.9333
11000.0 0.10953331 -3.0352955 0.0 -2.9900908 -0.4622173 2444.9333
12000.0 0.11720787 -3.0378371 0.0 -2.989465 -0.27733023 2444.9333
13000.0 0.11492573 -3.037974 0.0 -2.9905438 -0.43259084 2444.9333
14000.0 0.11125454 -3.0413758 0.0 -2.9954607 -0.31244429 2444.9333
15000.0 0.10882772 -3.0406062 0.0 -2.9956927 -0.30403665 2444.9333
16000.0 0.1152685 -3.0433936 0.0 -2.9958219 -0.26659294 2444.9333
17000.0 0.10840025 -3.0414208 0.0 -2.9966837 -0.36183887 2444.9333
18000.0 0.11159326 -3.0416392 0.0 -2.9955843 -0.22725121 2444.9333
19000.0 0.11530974 -3.0457005 0.0 -2.9981118 -0.36488457 2444.9333
20000.0 0.1131733 -3.0417814 0.0 -2.9950744 -0.27902539 2444.9333
21000.0 0.10964943 -3.0459816 0.0 -3.0007289 -0.32642368 2444.9333
22000.0 0.11579562 -3.0460004 0.0 -2.9982112 -0.36252597 2444.9333
23000.0 0.11497374 -3.0437346 0.0 -2.9962846 -0.31415739 2444.9333
24000.0 0.11499369 -3.0459968 0.0 -2.9985386 -0.35430228 2444.9333
25000.0 0.1 -3.0444134 0.0 -3.0031431 -0.30453438 2444.9333
26000.0 0.11257681 -3.0459853 0.0 -2.9995245 -0.37708731 2444.9333
27000.0 0.11836621 -3.0404283 0.0 -2.9915782 -0.25836854 2444.9333
28000.0 0.11415312 -3.0394894 0.0 -2.9923781 -0.4143001 2444.9333
29000.0 0.11515957 -3.0399501 0.0 -2.9924234 -0.32586209 2444.9333
30000.0 0.1 -3.036735 0.0 -2.9954647 -0.34648383 2444.9333
31000.0 0.11232745 -3.03592 0.0 -2.9895621 -0.28143079 2444.9333
32000.0 0.11077816 -3.0352535 0.0 -2.9895351 -0.35458864 2444.9333
33000.0 0.10335349 -3.041269 0.0 -2.9986147 -0.29046794 2444.9333
34000.0 0.11094825 -3.0407253 0.0 -2.9949366 -0.36161302 2444.9333
35000.0 0.11216627 -3.0437551 0.0 -2.9974637 -0.29613259 2444.9333
36000.0 0.11073419 -3.044826 0.0 -2.9991257 -0.31698368 2444.9333
37000.0 0.10614621 -3.0398977 0.0 -2.9960908 -0.36421698 2444.9333
38000.0 0.11355172 -3.0489606 0.0 -3.0020975 -0.29222175 2444.9333
39000.0 0.1144199 -3.0450835 0.0 -2.997862 -0.34980362 2444.9333
40000.0 0.1142831 -3.0494393 0.0 -3.0022743 -0.28100795 2444.9333
