0.0 0.1 -3.1336331 0.0 -3.0923477 -1.145883 2444.9333
1000.0 0.1 -3.0930547 0.0 -3.0517692 0.0089267737 2444.9333
2000.0 0.081098461 -3.084955 0.0 -3.0514731 -0.44269521 2444.9333
3000.0 0.086532304 -3.0718512 0.0 -3.036126 -0.24563434 2444.9333
4000.0 0.096262972 -3.0645299 0.0 -3.0247873 -0.32023239 2444.9333
5000.0 0.11515499 -3.0559381 0.0 -3.0083958 -0.19104872 2444.9333
6000.0 0.1124131 -3.0459208 0.0 -2.9995105 -0.25218684 2444.9333
7000.0 0.11953824 -3.0395322 0.0 -2.9901803 -0.41513967 2444.9333
8000.0 0.11128324 -3.0344301 0.0 -2.9884863 -0.37953734 2444.9333
9000.0 0.11371345 -3.0397436 0.0 -2.9927964 -0.48628612 2444.9333
10000.0 0.1 -3.0484612 0.0 -3.0071757 -0.22044656 2444.9333
11000.0 0.10774508 -3.052886 0.0 -3.0084029 -0.32594928 2444.9333
12000.0 0.10501403 -3.0505331 0.0 -3.0071775 -0.29984224 2444.9333
13000.0 0.10734016 -3.0506713 0.0 -3.0063554 -0.37484829 2444.9333
14000.0 0.10993283 -3.0539965 0.0 -3.0086103 -0.21240019 2444.9333
15000.0 0.10778746 -3.0496923 0.0 -3.0051918 -0.38678178 2444.9333
16000.0 0.11201733 -3.0517841 0.0 -3.0055372 -0.2547831 2444.9333
17000.0 0.11028766 -3.0525747 0.0 -3.0070419 -0.3738054 2444.9333
18000.0 0.11525729 -3.0543813 0.0 -3.0067968 -0.23318522 2444.9333
19000.0 0.11713368 -3.0580748 0.0 -3.0097156 -0.31287329 2444.9333
20000.0 0.11032704 -3.0556185 0.0 -3.0100695 -0.34423445 2444.9333
